48 115
9 44
44 48
16 48
16 24
6 24
6 31
31 41
13 41
13 29
9 20
44 20
44 19
48 19
48 11
16 11
16 33
24 33
24 43
6 43
6 2
31 2
31 47
41 47
41 40
13 40
13 5
5 29
19 20
19 11
11 33
33 43
2 43
2 47
40 47
5 47
20 18
20 34
19 34
19 39
11 39
1 11
1 33
33 36
43 36
43 14
2 14
2 45
47 45
47 21
21 40
38 40
5 38
5 26
18 34
34 39
1 39
1 36
14 36
14 45
21 45
21 38
26 38
18 8
8 34
34 37
37 39
39 10
1 10
1 17
17 36
15 36
14 15
3 14
3 45
28 21
45 28
21 30
30 38
22 38
22 26
8 37
10 37
10 17
15 17
3 15
3 28
30 28
22 30
8 25
4 8
4 37
35 37
10 35
10 23
23 17
17 32
15 32
7 15
3 7
3 46
28 46
28 42
30 42
30 12
12 22
22 27
4 25
4 35
23 35
23 32
7 32
7 46
42 46
12 42
12 27
